500
406
585
98
115
910
125
488
8
151
488
214
33
639
610
752
79
804
144
807
56
354
341
115
276
21
483
127
402
44
583
505
811
171
600
33
221
273
819
658
914
165
56
163
330
68
841
99
629
693
855
816
954
959
557
508
404
542
572
774
715
809
557
9
262
733
756
837
742
509
471
518
396
680
960
198
310
672
10
231
784
488
82
183
964
854
164
864
810
11
723
456
947
718
109
516
786
467
518
813
12
468
371
505
991
478
733
373
294
792
594
304
98
19
749
105
668
140
10
688
640
715
709
164
921
362
469
838
766
592
399
964
602
114
924
878
910
182
600
615
894
1000
916
16
125
484
319
994
389
905
40
361
516
432
358
994
548
309
542
851
888
70
89
516
210
781
323
777
289
178
834
853
517
921
537
996
575
432
451
310
216
307
762
32
187
936
193
42
771
818
996
394
183
323
652
909
382
185
985
619
462
744
33
926
16
410
11
910
858
796
624
966
982
213
901
756
393
882
590
288
911
869
236
122
46
978
237
324
793
249
884
570
989
444
141
740
548
64
841
79
999
26
932
912
833
351
892
630
914
159
442
45
255
78
545
64
497
825
587
802
518
820
748
118
782
848
126
189
569
963
634
456
475
515
301
698
124
229
429
52
186
987
580
846
424
433
37
595
373
865
817
499
388
218
965
670
994
781
368
611
873
437
727
804
984
613
134
450
787
351
164
424
198
783
185
24
539
91
124
957
237
110
367
6
246
811
443
409
169
869
649
291
44
269
278
556
747
531
208
196
35
346
5
304
967
602
366
241
941
986
894
275
854
650
319
593
566
804
21
104
735
72
976
296
5
447
32
770
939
135
929
634
130
211
630
896
940
843
853
82
325
917
206
803
948
555
382
275
19
240
715
294
548
432
328
379
772
79
162
602
121
652
35
641
206
480
848
664
580
435
355
592
760
439
341
380
633
528
447
569
259
493
568
823
233
792
875
957
164
379
945
214
20
880
349
707
294
426
554
185
842
407
440
207
630
331
249
508
412
392
92
669
367
592
327
144
270
569
413
843
926
518
811
206
88
382
222
229
85
742
321
794
607
371
580
81
221
854
428
722
22
256
543
79
363
967
32
403
657
37
785
330
548
160
827
866
268
557
54
989
421